*************Parameter Info********
    IMG_S = {'pics/Lena', 'pics/Boat', 'pics/Barbara'};
    SIGMA_S = [5,10,15,20,30,50,100];
    FILTERTYPE_S = {'db1','db2','tf1','tf2','tf3','tf4'};
    LEVELS_S = [3,5];
    TV_S = [50,100,150]; %Threshold values set
*************Parameter Info End********

started @ 19-Mar-2014 16:18:55
-----Picture: pics/Lena Infomation-----
Hard Table for Picture: pics/Lena 
29.58 18.19 29.06 30.04 28.68 29.83 
29.41 18.12 29.06 29.98 28.69 29.80 
28.89 18.07 29.01 29.79 28.61 29.67 
27.07 17.96 28.93 29.63 28.52 29.45 
26.01 17.70 27.79 28.50 26.71 27.09 
23.77 15.67 25.55 25.90 24.83 25.29 
14.78 9.93 21.69 21.94 20.84 20.82 
Hard Index Table for Picture: pics/Lena 
1 3 1 1 1 1 
1 3 1 1 1 1 
1 3 1 1 1 1 
1 3 1 1 1 1 
2 3 1 4 1 4 
3 3 2 2 2 3 
3 3 3 6 3 3 
Soft Table for Picture: pics/Lena 
26.60 18.18 25.58 26.38 25.34 26.24 
26.62 18.12 25.58 26.36 25.34 26.23 
26.66 18.04 25.57 26.30 25.32 26.19 
26.65 17.88 25.58 26.29 25.34 26.19 
26.00 17.75 25.49 26.10 25.23 25.99 
23.48 16.88 24.59 25.27 24.12 24.51 
20.20 14.83 20.60 21.28 20.52 20.81 
Soft Index Table for Picture: pics/Lena 
4 1 1 1 1 1 
4 1 1 1 1 1 
4 1 1 1 1 1 
4 2 1 1 1 1 
4 2 1 1 1 1 
5 2 1 4 1 1 
6 3 2 5 2 5 
-----Picture: pics/Boat Infomation-----
Hard Table for Picture: pics/Boat 
28.27 15.62 27.22 27.98 26.82 27.81 
28.13 15.58 27.21 27.93 26.82 27.78 
27.69 15.52 27.21 27.82 26.78 27.67 
26.18 15.48 27.15 27.65 26.70 27.51 
24.76 15.31 26.29 26.67 25.42 25.77 
22.63 13.98 23.95 24.30 23.31 23.76 
14.57 9.53 20.82 21.01 19.99 20.08 
Hard Index Table for Picture: pics/Boat 
1 3 1 1 1 1 
1 3 1 1 1 1 
1 3 1 1 1 1 
1 3 1 1 1 1 
2 3 1 1 1 1 
3 3 2 2 2 2 
6 3 3 6 3 6 
Soft Table for Picture: pics/Boat 
25.48 15.75 24.09 24.81 23.87 24.64 
25.50 15.72 24.09 24.80 23.88 24.63 
25.52 15.69 24.09 24.77 23.87 24.62 
25.54 15.67 24.09 24.77 23.87 24.62 
25.02 15.58 24.03 24.64 23.82 24.51 
22.58 15.14 23.40 23.89 22.99 23.41 
19.70 13.87 19.78 20.53 19.63 20.14 
Soft Index Table for Picture: pics/Boat 
4 2 1 1 1 1 
4 2 1 1 1 1 
4 2 1 1 1 1 
4 2 1 1 1 1 
4 2 1 1 1 1 
5 3 1 1 1 1 
6 3 2 5 2 5 
-----Picture: pics/Barbara Infomation-----
Hard Table for Picture: pics/Barbara 
26.61 16.98 25.32 26.63 25.48 26.79 
26.49 16.95 25.37 26.63 25.49 26.76 
26.10 16.85 25.40 26.58 25.52 26.75 
24.97 16.70 25.45 26.51 25.46 26.62 
23.23 16.34 24.95 25.83 24.53 25.15 
21.65 14.66 22.82 23.24 22.55 22.94 
14.47 9.66 20.29 20.44 19.62 19.69 
Hard Index Table for Picture: pics/Barbara 
1 3 1 1 1 1 
1 3 1 1 1 1 
1 3 1 1 1 1 
1 3 1 1 1 1 
2 3 1 4 1 1 
3 3 2 2 2 2 
3 3 3 3 3 3 
Soft Table for Picture: pics/Barbara 
24.05 17.07 22.96 23.66 22.98 23.69 
24.08 17.04 22.96 23.65 22.98 23.68 
24.15 16.99 22.99 23.66 23.00 23.70 
24.20 16.91 23.01 23.67 23.02 23.72 
23.89 16.73 23.01 23.62 23.04 23.66 
21.73 16.18 22.66 23.17 22.49 22.88 
19.37 14.63 19.96 20.19 19.90 20.05 
Soft Index Table for Picture: pics/Barbara 
4 2 1 1 1 1 
4 2 1 1 1 1 
4 2 1 1 1 1 
4 2 1 1 1 1 
4 2 1 1 1 1 
5 3 1 1 1 1 
6 3 2 2 2 2 
------------------------
 Ended @ 19-Mar-2014 16:18:55




